================================================================================
AVALIAÇÃO - TASK: fine
Checkpoint: runs/experiment_20251031_164108\fine\best_model_fine.pth
================================================================================


================================================================================
CLASSIFICATION REPORT - CLASSES FINAS (100 classes)
================================================================================
               precision    recall  f1-score   support

        apple     0.3846    0.4000    0.3922       100
aquarium_fish     0.1333    0.1800    0.1532       100
         baby     0.2083    0.2000    0.2041       100
         bear     0.2381    0.1000    0.1408       100
       beaver     0.1346    0.0700    0.0921       100
          bed     0.0657    0.1400    0.0895       100
          bee     0.1463    0.1200    0.1319       100
       beetle     0.1008    0.2600    0.1453       100
      bicycle     0.1313    0.1300    0.1307       100
       bottle     0.1458    0.0700    0.0946       100
         bowl     0.0000    0.0000    0.0000       100
          boy     0.1739    0.0400    0.0650       100
       bridge     0.2400    0.1800    0.2057       100
          bus     0.1087    0.1000    0.1042       100
    butterfly     0.1098    0.0900    0.0989       100
        camel     0.0917    0.1000    0.0957       100
          can     0.1264    0.1100    0.1176       100
       castle     0.1790    0.4600    0.2577       100
  caterpillar     0.2727    0.2100    0.2373       100
       cattle     0.1000    0.0200    0.0333       100
        chair     0.1754    0.3700    0.2379       100
   chimpanzee     0.1502    0.3500    0.2102       100
        clock     0.0000    0.0000    0.0000       100
        cloud     0.3846    0.4000    0.3922       100
    cockroach     0.2287    0.5100    0.3158       100
        couch     0.3000    0.0300    0.0545       100
         crab     0.0857    0.0300    0.0444       100
    crocodile     0.0606    0.0600    0.0603       100
          cup     0.2623    0.1600    0.1988       100
     dinosaur     0.1739    0.1200    0.1420       100
      dolphin     0.2083    0.1500    0.1744       100
     elephant     0.0505    0.0500    0.0503       100
     flatfish     0.2414    0.1400    0.1772       100
       forest     0.1901    0.2300    0.2081       100
          fox     0.1818    0.0200    0.0360       100
         girl     0.1111    0.1100    0.1106       100
      hamster     0.1420    0.2300    0.1756       100
        house     0.1519    0.1200    0.1341       100
     kangaroo     0.0594    0.1300    0.0815       100
     keyboard     0.2069    0.0600    0.0930       100
         lamp     0.1818    0.0200    0.0360       100
   lawn_mower     0.4574    0.4300    0.4433       100
      leopard     0.0862    0.0500    0.0633       100
         lion     0.1246    0.3600    0.1851       100
       lizard     0.1158    0.1100    0.1128       100
      lobster     0.0541    0.0200    0.0292       100
          man     0.1774    0.1100    0.1358       100
   maple_tree     0.4364    0.2400    0.3097       100
   motorcycle     0.1366    0.2200    0.1686       100
     mountain     0.2451    0.2500    0.2475       100
        mouse     0.0000    0.0000    0.0000       100
     mushroom     0.0694    0.1000    0.0820       100
     oak_tree     0.3417    0.8200    0.4824       100
       orange     0.3654    0.5700    0.4453       100
       orchid     0.2241    0.2600    0.2407       100
        otter     0.0000    0.0000    0.0000       100
    palm_tree     0.1739    0.1600    0.1667       100
         pear     0.2149    0.2600    0.2353       100
 pickup_truck     0.1452    0.1800    0.1607       100
    pine_tree     0.1132    0.0600    0.0784       100
        plain     0.5071    0.7100    0.5917       100
        plate     0.1569    0.1600    0.1584       100
        poppy     0.2697    0.4800    0.3453       100
    porcupine     0.1596    0.1500    0.1546       100
       possum     0.1111    0.0800    0.0930       100
       rabbit     0.1500    0.0300    0.0500       100
      raccoon     0.0690    0.0400    0.0506       100
          ray     0.2500    0.2100    0.2283       100
         road     0.4029    0.5600    0.4686       100
       rocket     0.2540    0.1600    0.1963       100
         rose     0.2759    0.2400    0.2567       100
          sea     0.4286    0.3300    0.3729       100
         seal     0.0588    0.0300    0.0397       100
        shark     0.2112    0.3400    0.2605       100
        shrew     0.0829    0.1600    0.1092       100
        skunk     0.1407    0.3800    0.2054       100
   skyscraper     0.3254    0.4100    0.3628       100
        snail     0.1667    0.0100    0.0189       100
        snake     0.0656    0.0400    0.0497       100
       spider     0.0970    0.1600    0.1208       100
     squirrel     0.0000    0.0000    0.0000       100
    streetcar     0.0928    0.0900    0.0914       100
    sunflower     0.3584    0.6200    0.4542       100
 sweet_pepper     0.2698    0.1700    0.2086       100
        table     0.0571    0.0200    0.0296       100
         tank     0.1747    0.2900    0.2180       100
    telephone     0.2530    0.2100    0.2295       100
   television     0.0741    0.0400    0.0519       100
        tiger     0.0603    0.0700    0.0648       100
      tractor     0.1200    0.1500    0.1333       100
        train     0.1351    0.0500    0.0730       100
        trout     0.2549    0.2600    0.2574       100
        tulip     0.1143    0.0400    0.0593       100
       turtle     0.0455    0.0100    0.0164       100
     wardrobe     0.3243    0.4800    0.3871       100
        whale     0.2229    0.3500    0.2724       100
  willow_tree     0.2065    0.1900    0.1979       100
         wolf     0.1000    0.2100    0.1355       100
        woman     0.1000    0.0700    0.0824       100
         worm     0.1940    0.1300    0.1557       100

     accuracy                         0.1860     10000
    macro avg     0.1746    0.1860    0.1656     10000
 weighted avg     0.1746    0.1860    0.1656     10000
