================================================================================
AVALIAÇÃO - TASK: multihead
Checkpoint: runs/experiment_20251031_164108\multihead\best_model_multihead.pth
================================================================================

CLASSIFICATION REPORT - SUPERCLASSES (20 classes)
================================================================================
                                precision    recall  f1-score   support

               aquatic_mammals     0.3183    0.2540    0.2825       500
                          fish     0.3128    0.3040    0.3083       500
                       flowers     0.4598    0.5840    0.5145       500
               food_containers     0.2401    0.2060    0.2217       500
          fruit_and_vegetables     0.4019    0.4140    0.4079       500
  household_electrical_devices     0.2387    0.2120    0.2246       500
           household_furniture     0.2462    0.3580    0.2918       500
                       insects     0.2584    0.4320    0.3234       500
              large_carnivores     0.2064    0.2440    0.2236       500
 large_man-made_outdoor_things     0.3537    0.4280    0.3873       500
  large_natural_outdoor_scenes     0.4685    0.6240    0.5352       500
large_omnivores_and_herbivores     0.1689    0.1240    0.1430       500
                medium_mammals     0.2183    0.2200    0.2191       500
      non-insect_invertebrates     0.1596    0.0300    0.0505       500
                        people     0.2947    0.3660    0.3265       500
                      reptiles     0.1746    0.1240    0.1450       500
                 small_mammals     0.2180    0.0920    0.1294       500
                         trees     0.5156    0.6620    0.5797       500
                    vehicles_1     0.2286    0.2240    0.2263       500
                    vehicles_2     0.3185    0.2440    0.2763       500

                      accuracy                         0.3073     10000
                     macro avg     0.2901    0.3073    0.2908     10000
                  weighted avg     0.2901    0.3073    0.2908     10000


================================================================================
CLASSIFICATION REPORT - CLASSES FINAS (100 classes)
================================================================================
               precision    recall  f1-score   support

        apple     0.2381    0.4500    0.3114       100
aquarium_fish     0.2071    0.4100    0.2752       100
         baby     0.1935    0.1800    0.1865       100
         bear     0.0606    0.0400    0.0482       100
       beaver     0.0000    0.0000    0.0000       100
          bed     0.0743    0.1300    0.0945       100
          bee     0.2791    0.1200    0.1678       100
       beetle     0.0860    0.2700    0.1304       100
      bicycle     0.1290    0.0800    0.0988       100
       bottle     0.1250    0.1400    0.1321       100
         bowl     0.0000    0.0000    0.0000       100
          boy     0.0690    0.0200    0.0310       100
       bridge     0.1690    0.1200    0.1404       100
          bus     0.0800    0.0800    0.0800       100
    butterfly     0.1250    0.1400    0.1321       100
        camel     0.0930    0.0400    0.0559       100
          can     0.0577    0.0300    0.0395       100
       castle     0.1767    0.4100    0.2470       100
  caterpillar     0.1898    0.2600    0.2194       100
       cattle     0.0435    0.0100    0.0163       100
        chair     0.1824    0.2700    0.2177       100
   chimpanzee     0.1077    0.2100    0.1424       100
        clock     0.2222    0.0200    0.0367       100
        cloud     0.3041    0.5200    0.3838       100
    cockroach     0.1916    0.4100    0.2611       100
        couch     0.0000    0.0000    0.0000       100
         crab     0.1053    0.0200    0.0336       100
    crocodile     0.0545    0.0600    0.0571       100
          cup     0.2078    0.1600    0.1808       100
     dinosaur     0.0847    0.1000    0.0917       100
      dolphin     0.1899    0.1500    0.1676       100
     elephant     0.0484    0.0900    0.0629       100
     flatfish     0.0278    0.0100    0.0147       100
       forest     0.1598    0.2700    0.2007       100
          fox     0.1200    0.0300    0.0480       100
         girl     0.1228    0.0700    0.0892       100
      hamster     0.1598    0.2700    0.2007       100
        house     0.2000    0.0700    0.1037       100
     kangaroo     0.0660    0.0700    0.0680       100
     keyboard     0.2727    0.0600    0.0984       100
         lamp     1.0000    0.0100    0.0198       100
   lawn_mower     0.4037    0.4400    0.4211       100
      leopard     0.0978    0.0900    0.0938       100
         lion     0.1215    0.3500    0.1804       100
       lizard     0.0531    0.0600    0.0563       100
      lobster     0.1064    0.0500    0.0680       100
          man     0.1111    0.0800    0.0930       100
   maple_tree     0.2526    0.2400    0.2462       100
   motorcycle     0.2174    0.2500    0.2326       100
     mountain     0.2031    0.2600    0.2281       100
        mouse     0.0000    0.0000    0.0000       100
     mushroom     0.0594    0.1200    0.0795       100
     oak_tree     0.3402    0.8200    0.4809       100
       orange     0.4312    0.4700    0.4498       100
       orchid     0.2336    0.3200    0.2700       100
        otter     0.0000    0.0000    0.0000       100
    palm_tree     0.1296    0.1400    0.1346       100
         pear     0.2136    0.2200    0.2167       100
 pickup_truck     0.1176    0.0400    0.0597       100
    pine_tree     0.1351    0.0500    0.0730       100
        plain     0.4263    0.8100    0.5586       100
        plate     0.1419    0.2100    0.1694       100
        poppy     0.3163    0.3100    0.3131       100
    porcupine     0.1368    0.1600    0.1475       100
       possum     0.0638    0.0300    0.0408       100
       rabbit     0.1250    0.0100    0.0185       100
      raccoon     0.0000    0.0000    0.0000       100
          ray     0.2051    0.2400    0.2212       100
         road     0.3028    0.3300    0.3158       100
       rocket     0.2333    0.2100    0.2211       100
         rose     0.2821    0.3300    0.3041       100
          sea     0.4123    0.4700    0.4393       100
         seal     0.0714    0.0100    0.0175       100
        shark     0.1569    0.2400    0.1897       100
        shrew     0.0426    0.0200    0.0272       100
        skunk     0.1650    0.3300    0.2200       100
   skyscraper     0.2598    0.3300    0.2907       100
        snail     0.2000    0.0200    0.0364       100
        snake     0.0288    0.0300    0.0294       100
       spider     0.0684    0.0800    0.0737       100
     squirrel     0.0000    0.0000    0.0000       100
    streetcar     0.0566    0.0300    0.0392       100
    sunflower     0.3294    0.5600    0.4148       100
 sweet_pepper     0.0968    0.0600    0.0741       100
        table     0.0000    0.0000    0.0000       100
         tank     0.1529    0.2600    0.1926       100
    telephone     0.1542    0.3900    0.2210       100
   television     0.2222    0.0200    0.0367       100
        tiger     0.0541    0.0600    0.0569       100
      tractor     0.1594    0.2200    0.1849       100
        train     0.1094    0.0700    0.0854       100
        trout     0.1895    0.1800    0.1846       100
        tulip     0.0000    0.0000    0.0000       100
       turtle     0.2727    0.0600    0.0984       100
     wardrobe     0.2121    0.5600    0.3077       100
        whale     0.2120    0.3900    0.2746       100
  willow_tree     0.1900    0.1900    0.1900       100
         wolf     0.0663    0.1100    0.0827       100
        woman     0.0759    0.0600    0.0670       100
         worm     0.1579    0.0300    0.0504       100

     accuracy                         0.1722     10000
    macro avg     0.1580    0.1722    0.1446     10000
 weighted avg     0.1580    0.1722    0.1446     10000
